   Smith  67  76  56  88  85  76  99  88  77  66
   Jones  99  99 100  92  93  90  89  90  95  97
 Johnson  66   0  76  88  90  88  82  80  87  79
Williams  92  93  90  89  92  93  90  88  90  88
  Bennet  88  90  88  88  90  88  90  90  89  90
Brinkman  98  94  90  88  85  80  75  73  80  70
   Karro  76  78  82  85  89  90  92  92  92  92
  Gannod  67  76  56  88  85  90  89  90  95  97
   Zmuda  90  90  90  90  90  90  90  90  90  45
Bachmann  50  51  75  75  76  77  78  72  100 100
   Cross  99  99 100  92  93  88  90  90  89  90
Inclezan  88  90  88  88  90  88  92  92  87  84
hello world